1916
1880
1892
1899
1894
1969
1914
1988
1994
1966
1916
1915
1963
1870s
1880s
1902
1966
1916
1896
1896
1870s
1904
1905
1905
1920
1967
1967
1985
1989
1981
1963
1967
1981
1998
1916
1967
1974
1900
1889
1897
1963
1912
1950
1924
1974
1890s
1916
1916
1892
1916
1916
1916
1998
1916
1916
1985
1990
1918
1916
1938
1965
1970
1998
1982
1916
1998
1916
1955
1979
1993
1995
1996
1993
1982
1968
1977
1916
1993
1979
2004
2003
1969
1989
1916
2001
2003
1916
1916
1916
1931
1959
1929
1969
1894
1916
1924
1890s
1998
1970
1976
1897
1969
1910
1909
1916
1909
1914
1931
1966
1910-1915
1897
1886
1979
1993
1995
1922
1920
1970
1959
1877
1994
1878-1905
1966
1969
1967
1982
1880-1920
1998
1997
1966
1916
1970
1949
1950
1899-1914
1974
1900
1985
1958
1902
1969
1966
1890-1905
1981
1900-1916
1924
1965
1905-1917
2004
1979
1988
2003
1992
1993
1094-1133
1998
1976
1989
1963
1968
1924
1938
1916
1917
2003
1968
1930
1985
1980
1969
1970
1881-1924
1969
1885-1915
1981
1982
1930
1970
1968
1929
1982
1981
1910-1936
1964
1920
1963
1848-1880
1916
1963
1903
1933
1977
1967
1948
1989
1998
1905-1930
1996
1989
1961
1892
1971
1918
1969
1955
1955
1975
1931
1987
1913
1967
1916
1969
1894
1915
1990
1985
1905-1917
1909
1907
1908
1907
1990
1970
1992
1901
1909
1997
1787
1798
1800
1917
1920
1870
1920
1911
1878
1876
1873
1906
1981
1992
1994
1917
1976
1985
1980
2003
1907
1905
1912
1903
1903
1798
1917
1940
1903
1909
1914
1909
1904
1870
1978
1880s
1885
1887
1886
1888
1830-1934
1998
1893
1984
1889
1892
1901
1984
1978
1901
1901
1903
1904
1957
1897
1870-1942
1907
1908
1909
1901
1906
1892
1502
1887
1906
1884
1906
1909
1903
1891
1909
1868
1907
1875
1887
1907
1909
1980
2006
1911
2009
1845-1914
1893
1914
1915
1961
1976
1990
1979
1920
1919
1925
1909
1927
1909
1917
1909
1919
1903
1918
1925
1931
1931
1929
2000
1960
1991
2008
2000
2005
2341
2004
1990s
2008
2007
1960
1808
2007
1951
1962
1931
2008
1936
1904
1929
1989
1912
1926
2005
2008
2009
2008
2008
2004
2004
1999
1417
2008
1992
1988
1995
1995
1995
2012
2008
2009
1999
1931
1917
1993
1868
1998
2009
1995
1995
1995
1978
1974
1996
1993
2007
2010
2010
2009
1968
1635
1688
1999
1988
1996
1964
2004
1992
2009
2005
2004
1789
2004
1995
1999
1993
1998
2005
2003
1998
1998
1999
2007
1996
2009
1968
1968
1760
1774
2006
2005
1987
1995
1998
2000
2007
2006
2005
1998
2006
2007
2007
1998
1974
2006
1997
2006
1995
2003
1959
2006
1962
2007
2009
2008
2008
1986
1999
1984
2008
2009
1947
1979
2005
1981-96
2010
2008
2009
2008
1994
1477
1999
1903
2010
2010
2003
1124
1974
1129
1947
2008
3294
1966
2005
2005
2006
1895
2005
2005
2006
2006
2012
1977
1977
2004
2006
2006
2012
1984
1975
1994
2008
1991
1976
1991
1991
1995
1974
1995
2012
1993
2004-2009
2008
2010
2004-2009
1963
1963
1964
1967
1973
1963
1964
1967
1973
1970s
1973
1990s
1990
1990
2008
1991
1991
1991
1990
1990
2008
1991
1989
1964
1964
1989
1991
1991
1993
2008
4535
2009
1456
2009
1460
1473
1464
1461
1462
1974
1463
1991
1463
1466
1466
1981
1984
1469
1998
1466
1459
1469
1471
2010
1472
1472
1473
1475
1476
1475
1470
1476
1470
2009
1983
1983
1983
1147
2008
1153
1153
1983
1157
1157
1944
1158
1158
1159
2395
2008
2398
2005
2399
1989
2005
2401
2401
1948
2403
2405
1989
1140
2008
1143
1144
1143
1144
1145
1999
1145
1143
2370
2367
1993
2373
2374
2373
2367
2375
2369
2371
2004
2005
1971
1984
1971
1971
1993
1991
1991
1991
1993
1989
1973
1989
1973
1989
1991
2003
2009
1991
1991
1991
2347
1990
2003
2346
2348
2005
2349
2348
1982
2351
1931
2008
1936
1936
1969
2005
1972
1967
1974
1938
1939
1969
1974
1972
1974
1937
1940
1997
1942
1948
1983
1991
2000
2001
2002
2003
2004
2005
2006
2007
2000
2001
2002
2003
2004
2005
2006
2007
1901
1898
1899
1898
1898
1890-1920
1970
1898-1900
1968
1900
1835-1915
1965
2005
1884
1970s
1899-1902
1979
1899
1982
1870
1884-1920
1975
1896
1898
1890
1861-1933
1890
1896
1898
1898
1898
1898
1898
1899
1898
1898
1899
1882-1915
1971
1899
1899
1899
1899
1900
1896
1899
1899
1899
1899
1899
1899
1900
1900
1899
1900
1900
1900
1900
1900
1900
1900
1900
1900
1900
1775-1915
1900
1899
1901
1869
1879
1900
1913
1901
1901
1901
1902
1992
1998
1901
1901
1900
1916
1900
1965
1898-1904
1900
1884-1918
1925
1971
1932
1902
1902
1899-1904
1902
1902
2005
1902
1902
1902
1902
1902
1902
1866
1902
1902
1902
1902
1902
1902
1902
1902
1902
1899
1902
1902
1899
1902
1902
1902
1902.52
1902
1902
6896
1902
1902
1902
1902
7746
1902
7653
1902
1902
1902
1902
1897-1909
1970
1902
1902
1902
1902
1902
1902
1902
1902
1902
1902
1902
1903
1902
1902
1902
1903
1903
1903
1904
1903
1903
1903
1903
1903
1903
1904
1913
1904
1904
1904
1913
1905
1908
1790
1857
1913
1905
1910
1899
1899
1904
1904
1904
1845-1929
1932
1906
1915
1898
1910
1966
1968
1915
1982
1904
1910
2005
1991
1992
1992
1992
1966
1973
1979
2003
2007
1999
2007
2006
2009
1968
2009
2007
2004
2008
2007
2006
2000
2006
2007
2009
2002-2003
2002-2003
2005
2008
2007
2007
2008
2006
2008
2002
2007
2007
2008
2005
2008
2008
2009
2006
2006
2008
2006
2008
2006
2009
1930s
1960s
1970
1930s
1960s
2002
1960s
1930s
2008
1990
2000
1980s
1990s
1980s
1993-1994
2004
1990s
2008
1992
1917
2007
1979
1965
1968
2009
1992
1973
1966
2009
1992
2009
1980s
1990s
1990s
1980s
1990s
1990s
2000s
1980s
1990s
1980s
1990s
1984
1990s
1980s
1990s
2003
1990s
1978
2000s
1978-2010
1978
2011
1950s
1980s
1982
1991
1950s
1950s
2009
2000
2011
1999
1999
1980s
1989
2003
2007
2001
2005
2002
2005
1999
1980s
2000s
1989
2009
2003
2010
1930s
1940s
1998
2004
2009
2007
1987-2008
1987-2008
2010
2009
2007
2010
2009
2010
2005
2005
2004
2010
2009
2009
2007
2007
2008
2008
2002
1980s
1990s
2007
4709
2004
2011
2003-2005
2003
2007
2006
2008
2009
2009
2011
2010
2010
1999
2010
1999
1983
2005
1989
2010
1999
1999
1999
2010
2009-12/29
1940s
1950s
2010-02/24
1970s
1979
2010
1990s
1990s
1999
1990s
1999
1997
1999
1990s
1990s
1990s
2003
1990s
1990s
2009
2007
2004
1990s
1980s
2003
2006
1996
2268
2009
2007
2007
2007
2003
2007
2009
2009
1990s
1991
1989
2009
2006
2007
2005
1979
2009
2005
1960s
1970s
2000
1980s
1974
1062
1974
2000
1255
1938
2003
2006
2006
1990
1998
1970s
1950s
1960s
1970s
1960s
1990s
1266
2003
2009
1339
1994
2007
1960s
1990s
1987
2007
1980s
1990s
2010
1948
1949
1960s
1948
1956
1968
1970s
1978
1980s
1961
1967
1994
2005
1949-1963
1968
1979
1990s
1999-2000
2006
1949
2006
2011
1995
2009
1960s
2011
1660s
1662
1667
1669
1705
1793
1846
1848
1850
1854
1857
1995
1869
1873
1866
1875
1876
1877
1878
1890
1890
1875
1896
1898
1900
1920
1930s
1948
1948
1954
1957
1964
1964
1930s
1965
1966
1967
1963
1969
1959
1969
1960s
2011
1972
1974
1975
1977
1964
1960s
1964
1957
1980s
1974
1978
1980s
1980
2008
1994
2006
2002
1948
1980
2008
1970
1970
2003
2000
2000
2008
1960s
1980s
1950s
1960s
1970s
1980
1980s
2008
1950s
1960s
1977
1996
1861
1991
1866
1988
1863
2001
2002
2008
1996
2006
2008
1882
1995
2001
1880
1980
1993
1985
2005
2003
1996
1999
2010
1996
2004
2004
2008
1945-2006
2007
1992
1994
1998
2003
2006
2008
1985
1985
1991
2003
1980
2003
2007
1996
2001
2006
1998
2008
1997
2001
2006
2009
2007
2003
2005
1145
2008
2004
1981
1983
1990s
1997
2003
2004
2001
2007
2001
1990
2004
1517
2006
2007
1990
2000
1996
1993
1996
1997
2008
2004
1996
1962
1995
2003
1911
1996
1731
2000
2005
1982
1377
2010
1994
1980
1994
1970
1965
1964
1995
2005
1961
1979
1960s
1970s
1970s
1910-1945
2004
1948
1960
1961
1999
1953
1961
1954-66
1990
2011
1962
1997
1954-66
1990
1979
1980s
1979
1972
1997
1990s
1973
1990s
1930s
1960s
1939
1970
1990s
2000
1973
1983
1986
1973
1970
1940
1970s
1980s
2007
1973
1973
1989
1996
1975
1956
1964
1973
1982
1982-1984
1985-1989
1982
1997
1989
1990s
1980
1980
1974
1990s
1989
1995
1990s
1980s
1990-2007
2008
1954-1973
1974-1986
1954-1896
1987
1990s
1960s
1990s
1980s
1978
1970s
2001
1990s
2003
1980s
1990s
1990s
2008
2006
1980s
1978
1992
1980s
1990s
2004
1994
1992
2008
1980
1980s
1991
1517
1559
2009
1067
2003
2009
1980s
1990s
1993
2002
2005
1983
2002
2003
2008
2008
1980
1960s
1970s
2005
1980
1980
1990s
1641
2006
1994
2009
1994
1997-98
1156
2002
1990s
2009
2009
2004
1980
2000
2005
2000
2008
2006
2006
1990s
1980
1973
1987
1988
1160
2002
1987
1992
2008
1960s
1990s
2008
1980
1915
2009
1947
1964
1965
1619
1965
1712
1774
1787
1808
1780s
1809
1794
1784
1787
1773
1798
1790
1814
1855
1826
1850s
1964
1864
1866
1867
1865
1875
1883
1890
1866
1866
1915
1900
1944
1880s
1883
1896
1913
1882
1890
1905
1909
1919
1919
1941
1965
1944
1947
1950s
1954
1865
1870s
1940s
1957
1964
1961
1956
1861
1919
1816
1961
1800-1861
1956
1790-1860
1961
1953
1961
1877
1954
1619
1882
1955
1954
1947
1930s
1930s
1936
2008
2008
1870
1992
1977
1871
1999
1893
1930s
1932
1934
1998
1898
2006
1890
1930
1971
1934-1938
1990
1962
1984
1924-1933
1986
1933-1939
1995
1995
1936-1940
2006
1927-1945
2007
2008
1930S
1937
1830
1934
2006
2006
1936
1870
1844-1902
2009
1945
2009
2002
1992
1991
2001
1895-1905
1986
1930S
1930
1931
1935
1996
1930-1954
1870
1890s
1930-1962
2005
2003
1935
1937
1962
1996
1988
1980
1890s
1871
1914
1871
1914
1968
2002
1930S
1881
1890s
1870
1870
1890s
1901
1920s
1931
1982
1931
1830-1962
2005
1930S
1920s
1931
1920s
1870-1920
1990
1934
1936
1935
1935
1935
1930S
1936
1934
1985
1930S
1934
1936
1984
1967
1930S
1935
1925
1927
1936
1997
1936
1936
1931
1934
1929
1925
1930
1934
1934
1929
1934
1981
1930
1936
1976
1989
1930S
1937
1936
1937
1935-1939
1977
1936
1932
1935
1936
1938
1930S
1995
1997
1898-1945
2008
1919
1936
1992
1980
1991
1977
1930S
1936
1938
1936
1936
1936
1936
1930S
1938
1938
1936
1937
1937
1937
1937
1930S
1937
1938
1930S
1880s
1930s
1930s
1970
1980s
2012
1980s
1981
1976-1980
1993
1980s
1980s
1970s
1981
1989
1980s
1983
1991
1991
1988
1968
1990
2005
1996
1994
1989
1980s
1982-9
1989
1982
1989
1982
1980s
1989
1994
1966
1944-1993
1980s
1980s
1980s
1992
1996
2009
1980s
1980s
2004
1994
1945-1950
1997
1945-1956
1980s
1970s
1980
1985
1354
1027
1980s
1980s
1979
1980s
1979
1980
1979
1980
1869
1980s
1983
1980s
1980s
1980s
1980s
1980s
1980-1
2010
1981
1980s
1981
1984
1980s
1980s
1978
1960s
2008
1980
1982
1983
1980
1978
1982
1979
1977
1966
1968
1972
1968
1981
1982
1980s
1980s
1982
1354
1980s
1982
1980s
1980s
1980
1981
1980s
1983
1986
1988
1799
1980s
1980s
1985
1980s
1986
1986
1980s
1980s
1982
1982
1980
1354
1984
1354
1980s
1980s
1984
1982
1980s
1980s
1982
1980s
1980s
1919
1920s
1920s
1930s
1920s
1930s
1600-1868
1920s
1930s
1920s
1930s
1930s
1885
1919
1930s
1910s
1920s
1920s
1920
1925
1925
1927
1928
1923
1926
1926
1930s
1919
1860s
1920s
1950s
1940s
1920s
1930s
1950s
1953
1954
1920s
1930s
1958
1960
1919
1987
1860-1960
2008
1981
1999
1999
1964
2000
1993
1966
1927
1922
1980
1919
1972
1934
1987
1991
1963
2001
2334
1919
1953
1999
1925
1928
1929
1991
1928
1989
1926
1970
1919
1999
1950s
2003
1991
1960
1960
1969
1957-1960
2000
1960
1966
2003
1963
1960
1969
1985
1997
1946