250 
200 
seven 
33:2 
10.1215 
01455532-2008-019 © 
one 
one 
1903-4 
5 
one 
two 
two 
186 
135 
139 
six 
six 
one 
one 
one 
188 
186 
90000 
430 
41 
294-300 
1880s 
199-226 
30000 
one 
Two 
57 
190 
900000 
59 
61 
192 
200 
five 
two 
Six 
Seventy-five 
two 
three 
145 
two 
1 
27 
194 
15000 
29 
1 
31-38 
three 
196 
two 
21 
27 
30 
27 
27 
1 
three 
1 
160 
two 
11 
5 
1 
198 
two 
Four 
three 
2002 
2 
27 
27 
11 
2 
11 
2 
two 
200 
2 
five 
2 
two 
three 
2 
1 
2002 
612 
202 
111 
one 
97 
1894 
102-3 
200 
3 
1916 
3 
64 35.7 2 3.0 
40 22.3 3 4.6 
22 12.2 1 1.5 
19 10.1 55 85.0 
16 8.9 1 1.5 
12 
6 3.3 3 4.6 
179 
44 
46 
204 
78 
79 
one 
Two 
one 
.4 
15 
4 
4 
One 
206 
38-41 
One 
66 
.6 
208 
1 
281 
1894 
255 
2 
1101-2 
one 
one 
146 
3 
seven 
six 
251n3 
4 
5 
21 
6 
210 
1884 
1897 
116-18 
7 
73 
78 
three 
26 
16 
Eleven 
16 
33 
2001 
15 
358-80 
1894 
2 
369-96 
2002 
26 
583-617 
149-68 
20 
829-70 
1877 
212 
57 
41 
285-312 
257-65 
7 
131-54 
97-113 
2003 
1149-79 
403-27 
1916 
145-65 
1884 
14 
139-69 
349 
31 
1-22 
2002 
353-405 
79-94 
167-90 
214 
11 
81-101 
39 
284-311 
1 
97-128 
74-98 
2000 
736-80 
281-395 
Fifty 
1894 
2 
456-61 
1 
47 
2 
451-52 
52 
2 
168 
two 
one 
.4 
3 
4 
2009 
169 
three 
one 
5 
1 
6 
7 
2 
170 
.8 
10 
90 
514-95 
47-114 
80 
1055-158 
1972 
8 
2 
63 
68 
71-72 
9 
2004 
235-36 
243-44 
10 
2:493 
2009 
171 
.11 
.12 
.13 
two 
.14 
11 
244 
12 
2:557 
13 
14 
67-72 
twelve 
twenty 
172 
.15 
forty 
15 
2:139 -40 
16 
64-65 
194 
279 
68-69 
2009 
173 
17 
.18 
two 
seven 
eight 
17 
66 
18 
1456-61 
1:6 
537 
2:530 
174 
eight 
.19 
four 
eight 
four 
20 
three 
19 
206-8 
272 
275 
20 
433-34 
2009 
175 
.22 
one 
21 
123 
75-77 
22 
36-37 
70 
74 
83 
97 
129-30 
176 
.23 
.24 
thirty 
23 
99 
133 
24 
131 
25 
2009 
177 
.26 
one 
26 
134 
27 
1:446 -48 
one 
178 
28 
29 
.30 
28 
1:440 
29 
30 
133-34 
2009 
179 
one 
Four 
.32 
31 
32 
200-3 
four 
8 
180 
.33 
.34 
35 
456 
34 
35 
2009 
181 
two 
.36 
ten 
two 
eight 
twenty-five 
36 
47 
37 
457 
38 
.39 
twelve 
.40 
one 
200 
47 
38 
39 
40 
41 
47 
2009 
1 
42 
.44 
42 
47 
2:457 -58 
43 
101 
44 
184 
45 
1893 
.46 
two 
.47 
One 
two 
45 
46 
47 
48 
47 
2009 
1 
one 
49 
50 
49 
50 
47 
2:454 -56 
186 
.51 
.52 
four 
fifty 
one 
51 
52 
53 
47 
2009 
187 
.54 
.55 
54 
178 
55 
36 
581 
188 
one 
56 
.57 
Eleven 
56 
57 
2009 
1 
.58 
one 
.59 
58 
132 
143-44 
59 
147-49 
26 
79 
1871 
15282 
92 
542 
123 
131 
190 
.60 
61 
60 
132-34 
148-49 
205 
454 
61 
2009 
191 
six 
One 
63 
30 
38 
63 
47 
192 
.64 
three 
64 
2009 
193 
.65 
three 
424 
65 
194 
.66 
one 
.67 
One 
one 
66 
67 
2009 
195 
69 
70 
68 
69 
70 
196 
.71 
one 
72 
five 
424 
73 
3 
72 
73 
197 
75 
76 
Five 
77 
48 
74 
75 
76 
77 
48 
198 
.78 
one 
78 
seventy 
79 
121 
2009 
199 
.80 
.81 
80 
2 
20 
40-45 
81 
2 
200 
.82 
.83 
.84 
82 
3-4 
270 
83 
one 
two 
84 
76 
2009 
201 
.85 
247 
.87 
268 
652 
21 
1927 
283 
359 
283 
697 
86 
5 
87 
723 
221 
202 
88 
279 
644 
three 
one 
2010 
10.5131 
.2009.0049 
525 
58 
1 
2 
4 
.5 
one 
one 
one 
2 
28 
343 
2006 
12-13 
95 
2000 
37 
2000 
225 
1861 
5 
4 
102 
2010 
527 
fifty-five 
one 
and 
.8 
three 
.9 
6 
3 
7 
8 
fifty-four 
2 
3 
47 
191 
193 
Three 
79 
nine 
2 
432 ^ 
6 
twenty-eight 
five 
twenty 
5 
629 
thirty-five 
forty-seven 
13 
83 
13 
385 
2002 
fifty-five 
ten 
million 
43 
two 
9 
528 
58 
.10 
.11 
12 
.13 
14 
15 
16 
.17 
10 
one 
35 
2 
294 
11 
2 
426 
12 
72 
525 
2001 
13 
605 
567 
14 
15 
22 
4 
three 
16 
15 
2 
429 
17 
27 
17 
17 
18 
2 
429 
2 
597 
15 
469 
2010 
529 
.19 
.20 
.21 
.22 
23 
24 
.25 
26 
2 
430-31 
20 
2008 
40 
21 
22 
II 
23 
8 
24 
33 
357 
2007 
9 
231 
2008 
25 
40 
455 
455 
2007 
26 
459 
473 
530 
58 
27 
29 
.30 
.31 
one 
1 
one 
32 
33 
34 
27 
1 
Two 
25 
179 
223-27 
2008 
28 
29 
30 
31 
37 
935 
40 
315 
2007 
62 
261 
41 
24 
835 
2007 
32 
8 
33 
36 
11 
10 
55 
2010 
531 
.35 
.36 
.37 
2008 
2012 
34 
28 
35 
52 
9 
9 
34 
94 
2001 
60 
966 
36 
23 
131 
2 
2010 
70 
2008 
37 
55 
617 
2007 
72 
273 
2001 
38 
10 
271 
2008 
532 
58 
.39 
.40 
one 
two 
twelve 
.42 
.43 
39 
3 
40 
^ 
^ ^ 
^ 
50 
681 
41 
8 
62 
233 
42 
4 
275 
279 
2008 
43 
8 
three 
one 
two 
three 
two 
three 
nine 
42 
279 
2010 
533 
.44 
one 
.45 
IV 
.46 
two 
.47 
48 
49 
44 
40 
477 
483 
2007 
45 
27 
194 
205-10 
451 
453 
2001 
46 
2 
438 
47 
42 
276 
48 
2 
477-78 
49 
45 
534 
58 
.50 
IV 
51 
two 
one 
twenty-eight 
eight 
one 
thirty 
four 
eighty-three 
50 
31 
51 
two 
28 
8 
94 
52 
8 
630-34 
634 
2010 
535 
.53 
fifty-one 
54 
.58 
.59 
60 
53 
four 
28 
5 
54 
28 
55 
44 
483 
56 
411 
404 
3 
57 
21 
241 
249 
58 
60 
2002 
59 
17 
31 
61 
65 
60 
43 
227 
238 
59 
65 
19 
536 
58 
61 
.62 
.63 
.64 
65 
66 
61 
20 
46 
46 
59 
69 
62 
57 
256 
125 
63 
210 
64 
40 
355 
2007 
65 
3 
66 
40 
20 
2010 
537 
.67 
2011.68 
.69 
.72 
67 
2 
55 
1670 
2 
93 
1734 
148 
68 
8 
638 
8 
109 
69 
8 
109 
42 
276 
70 
1 
1852 
2001 
77 
3 
116-286 
71 
62 
7 
13-14 
39 
72 
15 
538 
58 
198873 
199674 
2003.75 
.76 
.77 
.78 
.79 
.80 
81 
forty 
?? 
74 
31 
8 
75 
70 
76 
2 
435 
77 
41 
239 
78 
187 
215 
2004 
31865 
2008 
79 
125 
80 
81 
5 
82 
2010 
84 
.85 
one 
86 
87 
88 
.89 
90 
.91 
92 
.93 
83 
1 
459 
84 
1 
85 
83 
507 
2 
3 
83 
512 
86 
67 
53 
61 
1 
735 
2004 
87 
1 
689 
88 
697 
89 
24 
2 
5 
90 
37 
95 
109 
2004 
91 
71 
56 
92 
67 
115-16 
150 
93 
94 
540 
58 
95 
| 
96 
.98 
two 
one 
99 
.101 
95 
40 
849 
849 
898 
96 
97 
65 
433 
461 
98 
47 
191 
200-03 
99 
37 
241 
241 
1972 
100 
101 
85 
455 
2006 
2010 
541 
.102 
103 
.104 
.105 
106 
107 
108 
1 
.109 
102 
2007 
103 
9 
247 
248 
104 
1 
135 
1972 
105 
72 
313 
2001 
40 
429 
441 
2007 
103 
248-50 
106 
105 
447-48 
107 
108 
109 
38 
5-8 
542 
58 
.110 
.111 
two 
.112 
.113 
.115 
two 
One 
.116 
117 
.118 
.120 
110 
38 
5-8 
111 
5 
112 
8 
113 
64 
365 
114 
366 
115 
116 
31 
262 
117 
30 
53 
54 
2001 
118 
7 
117 
119 
22 
2007 
120 
109 
2010 
543 
.121 
.122 
.123 
124 
.125 
126 
121 
109 
122 
64 
366 
63 
123 
171 
124 
30 
239 
125 
4 
126 
391 
510 
519 
127 
391 
145 
156 
544 
58 
128 
.129 
.130 
one 
131 
132 
.133 
nine 
134 
.135 
.136 
137 
38 
23 
40 
129 
94 
130 
130-40 
131 
140 
132 
139 
133 
8 
7 
134 
80 
135 
130 
193 
136 
197 
198 
137 
27 
199 
213 
2010 
545 
138 
two 
.139 
300 
fifty 
.140 
141 
138 
38 
4 
139 
38 
5 
140 
2 
141 
546 
58 
.142 
.146 
.147 
148 
142 
143 
139 
2010 
144 
38 
3 
145 
146 
147 
9 
148 
2010 
547 
149 
.150 
.152 
.153 
155 
156 
157 
158 
159 
149 
2008 
150 
140 
24 
151 
4 
333 
351 
2008 
152 
153 
140 
64 
154 
155 
149 
107 
156 
110 
157 
158 
159 
20 
19 
3 
548 
58 
.160 
2005.161 
one 
162 
.163 
164 
.165 
.166 
.167 
160 
1 
161 
149 
110 
162 
101 
163 
3 
124 
164 
1 
51 
2001 
165 
5-6 
166 
103 
167 
13 
3 
107 
2010 
549 
.169 
170 
.171 
168 
149 
103 
169 
170 
171 
165 
7 
550 
58 
172 
.173 
624 
.174 
701 
176 
.177 
.178 
172 
90 
95 
173 
104 
174 
175 
104-05 
176 
60 
911 
2006 
54 
621 
626 
2004 
Three 
19 
68-69 
2006 
4 
111 
47 
2 
177 
43 
93 
51 
839 
178 
2010 
551 
.179 
180 
.181 
.182 
.183 
.184 
.185 
179 
18 
59 
2006 
180 
151 
181 
182 
4 
2008110104 
183 
176 
46 
184 
27 
45 
65 
51 
2010 
185 
186 
173-75 
187 
62392 
188 
189 
40 
552 
58 
one 
190 
One 
191 
IV 
.193 
194 
.195 
70 
191 
94 
192 
193 
194 
195 
193 
2010 
553 
.196 
.197 
.198 
.199 
.200 
five 
196 
38 
18 
2.1031 
2.10033 
197 
8295 
5 
198 
4 
199 
140 
2 
200 
197 
9 
201 
7 
^ ^ 
4 ^ 
49 
202 
197 
16 
203 
31 
204 
1 
2008 
554 
58 
.205 
50000 
.206 
three 
five 
seven 
nine 
seven 
five 
five 
.208 
.209 
.210 
.211 
205 
28 
476 
79 
^ 
^ 
^ 
| 
^ 
206 
204 
207 
197 
13 
1 
38 
18 
2 
347 
208 
197 
4 
209 
202 
152 
210 
152 
15 
155 
165 
173 
2006 
5 
255 
255 
2006 
211 
197 
46 
2010 
555 
.212 
.213 
.214 
.215 
.216 
.217 
.218 
one 
.220 
.221 
212 
213 
214 
215 
41 
5 
216 
103 
249 
217 
197 
46 
218 
198 
7 
219 
forty-nine 
fifteen 
6-7 
thirty 
8 
six 
10-11 
one 
11 
201 
41 
220 
^ 
^ 
^ 
1 
00000921548100 
21 
221 
197 
48 
49 
556 
58 
.222 
.223 
four 
222 
341 
8730 
223 
2010 
557 
.224 
.226 
.227 
.228 
.229 
.230 
27 
231 
.232 
224 
4 
94 
225 
39 
1215 
226 
227 
4 
24 
228 
100 
303 
229 
230 
38 
7 
231 
^ 
27 
232 
140 
15 
62 
558 
58 
.233 
27 
one 
.234 
.235 
8 
2700 
2008.236 
.237 
233 
38 
6 
234 
40 
690-91 
235 
198 
13-14 
236 
140 
55 
177 
237 
522 
2010 
559 
.238 
239 
.240 
.241 
1 
.242 
238 
198 
14 
239 
220 
240 
198 
13 
241 
2 
331 
242 
139 
560 
58 
1 
ll244 
6.4 
10.2 
two 
246 
.247 
two 
.248 
one 
249 
243 
94 
244 
139 
245 
4 
246 
197 
9 
247 
201 
248 
197 
9 
249 
198 
11 
2010 
561 
.250 
.251 
252 
three 
:253 
250 
201 
24 
251 
197 
9 
252 
94 
253 
254 
67 
118-20 
255 
One 
562 
58 
eighteen 
.256 
2 
214 
Fifty-two 
fifty-three 
eighty 
twenty-six 
2 
2008257 
214 
52 
53 
83 
26 
258 
one 
256 
257 
201 
15 
258 
38 
2 
2010 
563 
.259 
one 
.260 
.261 
.262 
.263 
.264 
259 
25 
297 
255 
260 
198 
9 
261 
5 
40 
47 
174 
201 
15 
262 
three 
five 
one 
two 
25-32 
263 
264 
40 
564 
58 
.265 
266 
.267 
3 
fifty-two 
.268 
3 
2008269 
18 
8 
4 
265 
511 
611 
697 
51 
1493-95 
266 
191 
461 
474 
267 
237 
201 
17 
268 
64 
269 
201 
16 
270 
233-38 
2008 
233 
3 
1 
2008 
565 
4 
5 
twelve 
.272 
.273 
5 
27 
2 
1 
271 
201 
9 
272 
223 
273 
259 
205 
274 
205 
25-32 
566 
58 
two 
.275 
one 
.276 
275 
276 
44 
484 
2010 
567 
zero 
277 
b 
278 
.279 
280 
one 
281 
one 
277 
72 
481 
448 
2001 
278 
29 
67 
101 
279 
67 
101 
280 
185 
1124 
281 
282 
10 
65 
568 
58 
.283 
284 
.285 
.287 
283 
6 
317 
284 
153 
614 
618 
1894 
285 
109 
286 
197 
36 
287 
94 
2010 
569 
.288 
289 
.290 
6 
twenty-two 
twenty-five 
.291 
.292 
6 
22 
25 
38 
20 
289 
38 
20 
290 
94 
291 
56 
292 
128 
293 
201 
18 
25-32 
22 
25 
37 
294 
two 
three 
25-32 
one 
28 
58 
.295 
.296 
.297 
298 
.299 
30 
295 
101 
870 
874 
12 
1939 
296 
one 
297 
101 
874 
156 
51 
298 
9 
5 
299 
Two 
72 
1 
1 
2008 
300 
49 
69 
301 
2 
501 
47 
2010 
571 
one 
302 
.303 
304 
.305 
306 
307 
one 
309 
one 
.310 
311 
302 
303 
139 
28 
304 
140 
12 
305 
38 
20 
306 
94 
307 
2 
501 
47 
308 
309 
310 
^ ^ 
13 
311 
5 
572 
58 
.313 
.314 
315 
six 
.317 
318 
6 
312 
313 
10 
457 
1897 
314 
42 
278 
315 
241 
316 
57 
885 
886 
2004 
4000 
241 
2 
317 
37.071 
245 
419 
2008 
318 
IV 
2010 
573 
.319 
three 
one 
320 
321 
322 
.323 
7 
thirty-nine 
fifty 
319 
241 
4-5 
52 
951 
2003 
320 
319 
988 
Six 
9 
1 
4 
321 
8-10 
322 
241 
3 
323 
4 
25-29 
512 
154 
161 
109 
574 
58 
7 
.326 
8 
8 
8 
.327 
324 
201 
25-32 
325 
326 
19 
39 
327 
109 
2010 
575 
one 
2700 
19750 
.328 
hundred 
fourteen 
ten 
fifty-two 
.329 
three 
twenty-five 
fifty 
ten 
thirty 
.330 
6852 
2090 
474 
.331 
20 
332 
328 
38 
26 
329 
201 
3 
330 
38 
7 
331 
201 
20 
332 
67 
117 
576 
58 
.333 
one 
.334 
one 
1 
52 
.335 
.336 
337 
.338 
2001 
5 
2001 
334 
37 
335 
94 
198 
336 
740 
744 
337 
242 
267 
338 
164 
2010 
577 
339 
340 
two 
342 
one 
339 
74 
804 
808 
340 
67 
117 
341 
220 
342 
11 
172 
578 
58 
.343 
one 
two 
345 
.346 
one 
one 
343 
201 
22 
237 
344 
4 
81 
72 
345 
41 
236 
two 
346 
31 
116 
2010 
579 
347 
348 
.349 
350 
351 
.352 
353 
.354 
.355 
.356 
347 
94 
40 
348 
2008 
349 
109 
350 
201 
28 
37 
351 
259 
352 
89-94 
353 
67 
115 
354 
90 
109 
355 
182 
356 
45 
1 
2004 
580 
58 
one 
one 
zero 
.357 
one 
one 
357 
205 
2010 
581 
.358 
one 
358 
2002 
582 
58 
.359 
.360 
.361 
.362 
.363 
.364 
359 
38 
5 
360 
139 
38 
52 
201 
17 
361 
94 
362 
363 
364 
94 
365 
1 
*** 
nine 
Five 
nine 
nine 
three 
three 
*** 
**** 
***** 
two 
One 
10.5131 
.2009.0045 
377 
58 
one 
1 
793 
794 
4 
88-38 
3 
77 
56 
29 
206 
2008 
88-352 
78 
252 
42 
?? 
2008 
81 
602 
29 
?? 
621-634 
2008 
93-112 
87 
393 
29 
?? 
793-794 
2008 
5 
2010 
379 
5 
.6 
.7 
eight 
two 
One 
five 
5 
101-336 
104 
327 
42 
?? 
12111-12117 
2008 
110-325 
3553 
2008 
6 
110-223 
122 
881 
2008 
42 
?? 
2008 
7 
490 
642 
490 
228 
68 
911 
380 
58 
.8 
.9 
nine 
Five 
14 
14 
10 
11 
14 
30 
8 
2009 
168-78 
9 
Two 
1 
five 
2 
10 
129 
11 
12 
13 
14 
14 
2010 
381 
15 
16 
14 
17 
19 
21 
two 
22 
two 
23 
159 
15 
16 
17 
1462-63 
18 
415 
36 
19 
14 
129 
20 
500 
20 
21 
14 
129 
500 
33-35 
22 
23 
24 
29 
159 
2008 
382 
58 
25 
26 
one 
27 
29 
14 
14 
.30 
32 
33 
14 
129 
26 
27 
450 
728 
28 
466 
284 
29 
14 
129 
525 
70 
80 
30 
14 
31 
129 
32 
500 
35 
33 
three 
415 
51 
383 
one 
One 
34 
35 
36 
37 
38 
39 
40 
34 
35 
36 
37 
38 
9 
39 
40 
384 
58 
41 
42 
.43 
44 
45 
fourteen 
forty 
.47 
two 
29 
1626.6 
.48 
41 
29 
626 
42 
29 
43 
29 
1626.8 
44 
1626.8 
b 
29 
45 
128 
46 
47 
48 
11531157 
29 
2010 
385 
29 
29 
1626.6 
29 
1626.6 
.49 
29 
1626.6 
52 
.53 
one 
54 
55 
.56 
49 
1157-58 
50 
51 
323 
134 
52 
128 
53 
54 
29 
626 
2008 
55 
128 
56 
1160-61 
386 
58 
57 
thel940s 
58 
.59 
.60 
.63 
.64 
.65 
58 
128 
59 
60 
61 
two 
62 
63 
64 
2398-99 
65 
29 
623 
2008 
2010 
387 
.66 
.67 
one 
five 
.69 
70 
b 
71 
72 
544 
228 
.73 
29 
623 
74 
66 
128 
490 
642 
544 
228 
67 
128 
2401-02 
68 
2400 
29 
623 
2008 
69 
128 
70 
71 
334 
37 
44-45 
72 
73 
74 
388 
58 
75 
.76 
77 
18 
five 
79 
80 
81 
401 
403 
82 
83 
84 
two 
76 
77 
490 
642 
656 
78 
128 
79 
80 
81 
82 
83 
84 
2010 
389 
85 
403 
403 
86 
87 
88 
two 
One 
55 
90 
.91 
.92 
fifty-five 
sixty-one 
85 
86 
1 
87 
88 
89 
128 
2361 
2365 
2008 
90 
91 
92 
390 
58 
fifty-five 
93 
94 
96 
97 
six 
98 
.99 
93 
128 
2361 
2008 
94 
2367 
95 
96 
97 
507 
604 
610 
two 
98 
99 
65 
one 
65 
391 
100 
20 
55 
101 
102 
103 
104 
105 
106 
108 
109 
55 
5 
20 
one 
100 
101 
2368 
102 
103 
104 
105 
106 
107 
108 
109 
2372 
392 
58 
.118 
.119 
.120 
110 
111 
540 
581 
112 
540 
584 
113 
114 
584-85 
115 
29 
623 
116 
540 
585 
117 
118 
119 
584 
120 
586-94 
2010 
.122 
three 
.123 
.124 
.126 
one 
.127 
.128 
130 
131 
one 
.132 
Three 
121 
587-91 
122 
591 
123 
594 
124 
594-95 
125 
595-98 
126 
127 
598-99 
128 
129 
599-600 
130 
131 
132 
600 
394 
58 
133 
134 
.135 
.138 
.139 
.140 
.141 
.142 
Eight 
eight 
.145 
133 
134 
135 
136 
544 
228 
137 
231 
138 
139 
140 
141 
142 
232 
143 
401 
424 
144 
544 
230 
145 
three 
2010 
395 
703 
146 
147 
148 
149 
150 
two 
151 
467 
837 
544 
243 
two 
248 
146 
235 
401 
424 
425-26 
147 
401 
424 
432 
148 
149 
150 
236 
151 
236-37 
152 
507 
604 
396 
58 
153 
154 
155 
four 
156 
.158 
160 
161 
544 
237 
154 
237-38 
507 
604 
612 
155 
240 
156 
233 
157 
490 
642 
158 
159 
240 
160 
544 
240 
161 
242 
922 
766 
772 
1991 
2010 
397 
two 
one 
.163 
162 
411 
792 
163 
802 
398 
58 
168 
164 
490 
228 
165 
293 
5 
4 
297 
304 
166 
One 
42 
m 
2008 
two 
167 
539 
90 
92 
168 
129 
2343 
2010 
399 
169 
170 
171 
172 
175 
176 
.177 
178 
169 
164 
170 
171 
172 
173 
101-336 
104 
327 
42 
?? 
12111-12117 
2008 
174 
539 
90 
175 
129 
176 
14.1 
544 
197 
414 
2002 
177 
129 
178 
400 
58 
179 
180 
181 
182 
3 
623 
183 
184 
.185 
three 
two 
188 
189 
179 
29 
623 
2008 
180 
129 
2350 
181 
182 
183 
29 
2008 
184 
128 
185 
186 
187 
one 
188 
189 
396 
229 
190 
544 
167 
three 
2010 
401 
three 
three 
191 
two 
623 
623 
.192 
193 
623 
194 
623 
195 
two 
IX 
128 
IX 
IX 
IX 
IX 
IX 
191 
128 
192 
521 
320 
330 
193 
194 
195 
402 
58 
197 
.198 
196 
197 
198 
2010 
403 
two 
404 
58 
14 
14 
199 
507 
604 
200 
500 
20 
2010 
405 
406 
58 
1 
16008 
19921 
17837 
16548 
15864 
15964 
15376 
15575 
28945 
29910 
27696 
27238 
25194 
25536 
24249 
23247 
21613 
22769 
22740 
22555 
79896 
84442 
79432 
75768 
2 
16008 
19921 
17837 
16548 
14672 
18673 
15792 
14146 
1156 
1222 
1377 
1417 
560 551 671 710 787 764 767 958 
3232 
6254 
3550 
2639 
8388 
11976 
8866 
10002 
1207 1247 801 557 515 583 612 625 
241 409 208 166 139 169 177 186 
966 838 593 391 376 414 435 439 
2923 
2694 
2679 
2796 
.1 
1 
7 
203-32 
2 
2010 
313 
one 
.4 
211 
2 
184-95 
315 
.5 
fifty-four 
1972 
5 
66 
869 
144-48 
.6 
one 
two 
.7 
One 
.8 
2 
35 
53 
4 
35 
53 
31 
10 
22 
6 
93 
22 
6 
32 
10 
317 
.9 
one 
one 
.10 
11 
43 
126 
1972 
57-58 
184 
7 
9 
1XCFA 
31 
10 
32-37 
.12 
13 
14 
.15 
126 
63 
13 
224-34 
242 
246 
257 
22 
6 
31 
10 
31 
10 
319 
16 
17 
one 
18 
22 
6 
31 
10 
14 
5 
20 
14 
5 
20 
14 
5 
20 
14 
5 
20 
31 
10 
31 
10 
123-24 
3 
129 
66 
320 
.19 
20 
two 
.21 
.22 
23 
24 
one 
25 
31 
10 
9 
6 
21 
2 
36 
158 
32 
10 
128-29 
21 
124-26 
126 
43-50 
67 
23CFA 
31 
10 
23 
7 
25 
6 
321 
26 
27 
6:266 
38-42 
47 
56 
115 
158 
242 
16 
6 
22 
16 
6 
22 
16 
6 
22 
322 
30 
31 
28 
88-90 
56-57 
43 
244 
184 
52-55 
107-10 
157-64 
174-79 
30 
8 
1951-54 
60 
52-53 
323 
.32 
33 
thirty 
.34 
194 
197 
201 
205 
39 
191 
2 
1:436 
282-83 
209 
59-60 
179-81 
324 
four 
ten 
284 
135-37 
244 
1 
1647-49 
331 
1532-47 
118-19 
325 
38 
one 
39 
1902.40 
41 ^ 
331 
844-45 
219-32 
138-40 
39CFA 
33 
11 
331 
898 
4 
11 
7 
23 
23 
7 
41CFA 
33 
11 
326 
42 
one 
.43 
33 
11 
12 
7 
23 
43CFA 
33 
11 
12 
7 
23 
327 
.44 
45 
46 
47 
48 
33 
11 
14 
7 
23 
244 
45CFA 
33 
11 
239-41 
13 
7 
23 
41 
13 
48CFA 
33 
11 
13 
7 
23 
33 
11 
328 
49 
.50 
32 
10 
5 
33 
11 
51 
13 
7 
23 
14 
7 
23 
329 
53 
54 
14 
15 
16 
21 
27 
23 
7 
2001 
79 
97-99 
330 
.55 
56 
.57 
145-46 
253 
247 
7741-48 
331 
.58 
one 
.59 
.60 
240-53 
267-92 
104-5 
255 
210 
127 
239 
33 
11 
20 
21 
22 
23 
7 
33 
11 
332 
.61 
two 
62 
.63 
64 
33 
11 
41 
13 
242 
33 
11 
63CFA 
One 
58 
33 
11 
23 
7 
1:521 
333 
one 
.65 
one 
.67 
68 
198 
129 
33 
11 
23 
7 
246 
60-62 
33 
11 
23 
7 
334 
one 
.69 
.70 
71 
33 
11 
7 
6 
10 
23 
7 
33 
11 
247 
249 
183 
95 
335 
.72 
.73 
74 
.75 
76 
one 
33 
11 
24 
7 
33 
11 
74CFA 
14 
4 
2 
33 
11 
41 
436-38 
81 
670-75 
24 
319-31 
336 
.77 
.78 
.79 
.80 
.81 
10 
33 
11 
33 
11 
240 
81 
337 
seventy-five 
one 
83 
4 
84 
85 
264-70 
7 
8 
84 
8 
6:690 
33 
11 
338 
.86 
74 
1 
63-84 
Two 
two 
63 
186 
One 
two 
68 
200b 
118 
8 
117 
1 
6-7 
62 
10 
115 
2 
49-86 
3 
66 
.4 
.5 
360 
370-373 
two 
4 
484 
489 
106 
5 
253-4 
260 
233 
100000 
.6 
five 
139-174 
20000 
6 
2500 
100000 
73 
290 
68 
two 
One 
One 
one 
34 
70 
hundred 
24 
139 
Two 
two 
21 
13 
52-53 
133-137 
156-158 
7 
one 
.8 
415 
7 
8 
59 
405 
74 
161-163 
one 
76 
one 
two 
ten 
9 
237-280 
78 
one 
85 
.10 
10 
80 
166-167 
1-6 
two 
76-85 
105-106 
one 
199266 
two 
66 
two 
two 
82 
.11 
6001 
1 
168 
2008 
2007 
2007 
59:4 
42-56 
110 
29-35 
2006 
159-171 
2007 
2005 
69:2 
160-190 
2007 
25-27 
2008 
42:3 
11-14 
2003 
12:3 
359-375 
2008 
56:1 
60-91 
66:1 
67-69 
66:1 
116-129 
84 
2006 
2007 
71:4 
484-489 
2007 
2008 
2000 
1-19 
2004 
2007 
59:6 
27-40 
73:3 
309-339 
2002 
56:1 
2-8 
2006 
2007 
15:4 
167-210 
2007 
121-139 
2007 
2008 
10.5131 
.2011.0006 935 936 
59 
1 
Three 
81 
285 
2002 
2011 
937 
one 
3 
3 
938 
59 
4 
.5 
4 
5 
93 
1073 
2011 
939 
.6 
three 
three 
2010 
6 
2010 
One 
157-58 
2009 
1 
940 
59 
941 
.8 
.9 
.10 
.11 
.12 
.13 
7 
8 
107-08 
2010 
9 
40-70 
10 
11 
9 
www.chinacourt.org/flwk/show.php?file_id=122225 
12 
9 
10 
38-43 
13 
sixty 
one 
31 
75 
96-97 
2006 
seventeen 
942 
59 
.14 
.15 
.16 
.17 
.18 
.19 
14 
50 
-02 
15 
10 
30-33 
16 
32-42 
876472 
17 
10 
26-30 
35 
715 
718-24 
18 
8 
129 
19 
10 
26-30 
2011 
943 
.20 
2001.21 
.22 
.23 
.24 
zero 
100000 
2001.25 
2006.26 
27 
.28 
8 
129 
Thirty 
23 
3 
21 
11 
603 
2003 
22 
23 
14 
6 
14-15 
24 
10 
43 
1.1 
25 
51 
96 
1 
2004 
26 
4 
27 
2010 
28 
944 
59 
.30 
31 
.32 
4 
124166 
2010 
29 
2010 
30 
-12 
31/content _ 
twenty 
31 
32 
-03 
7837838.htm 
945 
.33 
.34 
2010 
one 
.36 
.37 
33 
95.7 
34 
17 
722-29 
35 
18 
36 
32-33 
37 
946 
59 
.38 
one 
one 
.39 
.40 
one 
.41 
one 
38 
54-76 
39 
6 
1 
40 
1-2 
41 
2011 
947 
42 
.43 
.46 
42 
5 
107 
122 
2003 
43 
10 
29 
_ 
1265147 
2 
44 
45 
43 
948 
59 
.46 
47 
.48 
Three 
.49 
.50 
4 
47 
37 
5 
48 
49 
31 
53 
117-18 
50 
2011 
949 
.51 
.52 
.53 
two 
.54 
.55 
51 
35 
52 
9 
53 
49 
61-66 
258-300 
54 
454 
ten 
55 
950 
59 
two 
.56 
one 
one 
.57 
58 
.59 
56 
57 
3043751 
58 
12 
59 
2011 
951 
60 
.61 
62 
63 
.64 
.65 
66 
60 
61 
18046 
62 
63 
2 
1/2010 -02 
09/02/2010020902 _ 
64 
20731 
65 
66 
952 
59 
67 
68 
69 
.70 
.71 
.72 
.73 
74 
67 
68 
69 
70 
71 
one 
-01 
20729 
72 
395312 
73 
63 
74 
19 
1073 
2011 
953 
.75 
.76 
.77 
.78 
ten 
six 
.79 
.80 
One 
.81 
75 
_ 
76 
63 
77 
7 
12 
78 
9 
23-24 
79 
Ten 
80 
77 
81 
16 
954 
59 
.82 
.83 
84 
.85 
.86 
200 
82 
-02 
10/GB 
83 
84 
79 
85 
86 
Ten 
11 
2011 
87 
One 
87 
17 
2001 
71 
956 
59 
.88 
.89 
.90 
.91 
.92 
88 
89 
37 
21 
90 
91 
49 
67-74 
92 
173 
35 
38-40 
2003 
101 
112-15 
2011 
957 
.93 
.94 
.95 
.96 
.97 
.98 
.99 
sixty 
eighty 
.100 
94 
49 
95 
90 
96 
fifty 
97 
one 
98 
90 
99 
79-81 
100 
sixty 
misc/2009 -10 
19/content _ 
958 
59 
one 
twenty 
.101 
.102 
.103 
.104 
one 
.105 
2 
101 
7151 
102 
103 
42 
103 
134-35 
178-79 
2006 
104 
Seven 
105 
one 
2011 
959 
two 
.106 
.107 
.108 
One 
.109 
One 
ninety-six 
106 
39 
63 
107 
49 
108 
14 
12 
2 
3 
109 
200810/8080 
960 
59 
.110 
Two 
.111 
One 
.112 
.113 
110 
8 
253 
279-81 
111 
30 
112 
113 
44 
157 
2010 
2011 
961 
114 
115 
.116 
.117 
118 
119 
174 
115 
167 
116 
157-70 
117 
168 
29 
13 
24 
118 
119 
962 
59 
.120 
.121 
.122 
one 
20 
1 
31 
2006 
18 
313 
120 
88 
950 
997 
121 
29 
122 
103 
2011 
963 
.123 
.124 
.125 
thirty 
fifty 
one 
sixty-three 
fifty-six 
.126 
123 
57 
419 
124 
125 
19 
489 
495-99 
2008 
126 
964 
59 
.127 
.128 
five 
129 
130 
131 
.132 
127 
128 
129 
130 
131 
2 
501 
2008 
132 
11 
519 
30 
1 
1997/1998 
2011 
965 
135 
.136 
.137 
.138 
133 
134 
135 
18 
136 
43 
10-11 
137 
Thirty 
57 
1255-62 
2005 
138 
7 
13 
966 
59 
.139 
three 
.142 
143 
.144 
139 
13 
140 
2 
141 
287-99 
142 
137 
1269-72 
143 
2 
302-04 
144 
137 
2011 
967 
145 
.146 
.147 
.148 
.149 
145 
2008 
31 
57 
146 
46 
1387-91 
147 
110 
279-81 
148 
48 
539 
149 
20 
51 
66-71 
2007 
one 
one 
968 
59 
.150 
.151 
.152 
2001-02 
.153 
150 
134 
34 
151 
189 
1 
2007 
152 
134 
153 
52 
737 
751 
2008 
2011 
969 
.154 
.155 
.156 
.157 
158 
154 
11 
155 
sixty 
156 
153 
7 
758 
forty 
sixty-nine 
157 
154 
28 
40 
783 
2006 
158 
7-8 
2008 
970 
59 
.159 
159 
43 
39 
32 
2011 
971 
.160 
.161 
one 
.162 
one 
.163 
.164 
one 
160 
158 
9 
161 
162 
15 
391 
415 
2000 
62 
383 
163 
56 
569 
164 
134 
972 
59 
.165 
one 
165 
2011 
973 
.166 
.168 
.169 
.170 
.171 
166 
167 
130-33 
168 
166 
169 
http://news.xinhuanet.com/legal/2008 
170 
171 
974 
59 
.172 
one 
one 
172 
2010 
2011 
975 
two 
.174 
one 
175 
173 
174 
108-10 
175 
46 
797 
976 
59 
.176 
.177 
.178 
.179 
.180 
176 
1972 
177 
178 
8 
239-45 
179 
180 
one 
One 
1 
91 
104 
2011 
977 
one 
184 
.185 
.186 
181 
http://2001 
182 
183 
184 
119 
92 
185 
2007 
186 
182 
32-40 
978 
59 
.187 
188 
.189 
one 
one 
one 
three 
187 
8 
188 
27 
763 
2002 
189 
2011 
979 
.190 
pre-1960s 
.191 
190 
191 
980 
59 
3100 
981 
982 
59 
\ 
\ 
2011 
983 
one 
One 
one 
one 
two 
one 
984 
59 
one 
2007 
2010 
one 
two 
one 
20 
1820 
2 
ten 
three 
IV 
3 
.6 
Four 
one 
7 
1883 
Four 
.10 
.11 
.12 
42 
.15 
.16 
two 
1.93 
1.63 
300 
1400.17 
2 
.19 
seven 
20 
.21 
one 
.22 
four 
.23 
one 
2 
24 
25 
26 
.27 
.28 
200000 
1.4 
0.7 
7.9 
35 
three 
two 
55 
.29 
18 
29 
30 
44 
45 
64 
65 
° 
.31 
one 
.32 
2 
.33 
One 
.34 
„ 
two 
2 
.35 
.36 
two 
50 
196419681974 
2 
37 
1 
2 
64 
3 
4 
5 
6 
7 
69 
9 
10 
11 
12 
2008 
13 
52 
3 
15 
16 
17 
13 
10 
13 
18 
20 
21 
62 
207 
218 
84 
186 
497 
598 
22 
23 
24 
539 
306 
288 
732 
25 
26 
100 
27 
28 
91 
829 
996 
2 
53 
2010 
29 
3 ° 
31 
32 
6 
1 
11 
77 
82 
2002 
878 
902 
75 
33 
54 
297 
327 
3 
3 
263-296 
34 
35 
40 
414 
431 
9 
551 
558 
15-43 
36 
36 
81 
856 
868 
37 
29 
446 
493 
two 
one 
10.5131 
.2010.0014 227 228 
59 
three 
three 
two 
.1 
one 
1 
2011 
229 
4 
2 
92 
60 
633 
98 
1 
9 
2010 
152-55 
5 
35 
3 
3 
1 
243 
7 
51 
1 
1 
11 
163 
143 
67 
2010 
4 
6 
230 
59 
.7 
7 
52 
322 
2008 
2011 
231 
.8 
two 
.9 
.10 
8 
98 
95 
2008 
56 
895 
9 
98 
100 
104 
2008 
10 
232 
59 
one 
three 
IV 
three 
.11 
.12 
5 
12 
4 
2011 
233 
.13 
.14 
three 
two 
.15 
13 
1 
14 
2003 
15 
9 
131 
157-58 
234 
59 
.16 
.17 
9 
74 
327 
334 
16 
2001 
17 
2011 
235 
.19 
.20 
.21 
.22 
two 
one 
one 
18 
1 
19 
20 
50 
101 
2002 
47 
165 
21 
109 
22 
52 
236 
59 
23 
.24 
25 
one 
.26 
.27 
one 
one 
.28 
23 
one 
38 
24 
one 
3 
598 
25 
2 
26 
2 
27 
2 
638-39 
28 
2011 
237 
.29 
30 
.31 
.32 
33 
29 
762 
30 
2 
70 
31 
2 
651-52 
55 
867 
2000 
32 
2 
82 
11 
651 
651 
2003 
33 
2 
59 
238 
59 
34 
.35 
.36 
34 
2010 
35 
36 
2 
653 
2011 
239 
.37 
Two 
.38 
.39 
37 
2 
44 
38 
94 
110 
22 
2008 
39 
2 
240 
59 
40 
41 
42 
.43 
110 
40 
9 
12 
2006 
41 
40 
12 
42 
32 
669 
43 
132 
2006 
2011 
241 
.44 
.45 
.46 
44 
120-32 
45 
46 
13457 
242 
59 
One 
three 
three 
.47 
.48 
.50 
47 
20 
15 
48 
18 
49 
64-65 
3 
50 
10 
2011 
243 
Three 
three 
one 
1985.51 
52 
one 
53 
one 
51 
52 
23 
53 
51 
2008 
244 
59 
54 
55 
.56 
.57 
.58 
.59 
54 
93 
111 
55 
115 
56 
121 
57 
116 
58 
seventy-five 
3 
59 
54 
130 
245 
60 
61 
.62 
63 
one 
One 
64 
65 
122 
128 
60 
54 
131 
61 
13 
62 
63 
64 
61 
16 
65 
246 
59 
one 
66 
66 
19 
2002 
27 
2011 
247 
five 
million 
fifty 
.67 
two 
One 
.68 
67 
59 
131 
68 
53 
248 
59 
.69 
one 
.70 
.71 
69 
59 
135 
70 
25 
71 
54 
106 
2011 
249 
.72 
.73 
one 
72 
2010 
73 
70 
250 
59 
seven 
.74 
.75 
74 
5 
75 
22 
2011 
251 
one 
.77 
76 
1 
257-59 
77 
94 
252 
59 
.78 
.79 
two 
.80 
81 
.82 
78 
74 
7 
79 
87 
80 
81 
79 
103-06 
82 
16-17 
2011 
253 
two 
83 
sixty 
82 
24 
254 
59 
three 
.84 
84 
77 
105 
2011 
255 
.85 
two 
one 
.86 
85 
82 
259 
86 
256 
59 
Ten 
.87 
88 
one 
87 
82 
263 
88 
5 
2011 
257 
.89 
.90 
82 
6-10 
90 
43 
258 
59 
nine 
.91 
92 
One 
one 
91 
77 
106 
92 
88 
10 
2011 
259 
.93 
.94 
.95 
seven 
ten 
three 
.96 
.97 
93 
28 
94 
74 
28 
95 
88 
96 
200 
30 
97 
10 
7 
260 
59 
.98 
99 
.100 
two 
.101 
two 
98 
99 
375 
400 
100 
101 
2008 
2011 
261 
102 
.103 
.104 
102 
02/3 
2002 
21 
103 
9 
271 
104 
262 
59 
.105 
.106 
one 
two 
105 
221-28 
106 
108 
231 
107 
23-25 
2008 
2011 
263 
108 
10 
.109 
fifty 
110 
108 
47 
109 
110 
2 
264 
59 
.111 
One 
.114 
two 
111 
9 
112 
9-15 
113 
55 
109 
431 
39 
114 
111 
9-15 
2011 
265 
115 
.116 
117 
.118 
115 
101 
291-92 
116 
83 
83 
117 
10 
10 
118 
266 
59 
.119 
.120 
.121 
one 
one 
400 
One 
122 
one 
119 
120 
121 
107 
23 
122 
30 
121 
2000 
2011 
267 
123 
.124 
125 
.126 
2 
73 
75 
2003 
124 
125 
126 
73 
519 
268 
59 
.127 
127 
02/3 
2002 
18 
2011 
269 
128 
.129 
one 
131 
132 
107 
99 
129 
43 
1 
2008 
14 
6 
130 
285 
262 
311 
1932 
131 
129 
5 
132 
3 
4 
270 
59 
one 
.133 
.134 
.135 
133 
108 
929 
134 
113 
1070-76 
135 
1475 
2008 
110 
885 
2010 
2011 
271 
One 
.136 
.137 
.138 
.139 
IV 
three 
three 
136 
137 
2002 
138 
133 
139 
10 
272 
59 
two 
.140 
.142 
three 
144 
140 
141 
one 
142 
143 
5-7 
one 
144 
2002 
2011 
273 
three 
.146 
One 
145 
116 
2 
146 
274 
59 
147 
.148 
.149 
One 
147 
119 
148 
16-23 
3-7 
2008 
149 
2011 
275 
three 
.151 
152 
153 
150 
35 
151 
103 
298 
152 
153 
251 
2003 
154 
102 
745 
276 
59 
One 
.155 
three 
.156 
.157 
155 
59 
152 
159-60 
156 
92/2005 
157 
2011 
277 
.158 
.159 
.160 
.161 
.162 
158 
2002 
9-10 
159 
10 
160 
161 
35 
1145 
162 
26 
2006 
163 
278 
59 
three 
three 
one 
.164 
.165 
one 
164 
162-63 
165 
43 
134-35 
2011 
279 
.166 
one 
.167 
.168 
.169 
one 
one 
166 
6 
6 
167 
38 
56 
168 
99 
1 
169 
29 
169 
280 
59 
.170 
.171 
three 
two 
one 
.172 
170 
46 
31 
251 
8 
325 
2006 
171 
169 
172 
34 
2011 
281 
173 
174 
.175 
173 
25 
27 
5 
693 
174 
11 
175 
153 
69-72 
176 
282 
59 
177 
.178 
.179 
.180 
181 
one 
177 
153 
56 
178 
45-58 
179 
82 
258-10 
180 
258 
181 
153 
95 
182 
260-61 
2011 
283 
.184 
183 
one 
35 
1145 
184 
7 
2002 
284 
59 
three 
Three 
.186 
185 
Two 
186 
2008 
7425 
2011 
285 
187 
.188 
189 
190 
187 
66 
65 
188 
189 
^ 
^ 
7425 
190 
59 
128 
286 
59 
.191 
.192 
.193 
.194 
.195 
191 
136 
149-69 
192 
193 
194 
195 
100 
2011 
287 
.196 
197 
.198 
196 
one 
144 
324 
197 
103 
198 
173 
288 
59 
Two 
94 
4 
two 
three 
two 
two 
one 
eigh 
5000 
one 
2011 
Two 
2 
two 
one 
two 
30 
One 
one 
ten 
two 
two 
2011 
Two 
5 
one 
.6 
one 
7 
32 
two 
.8 
one 
.9 
million 
four 
one 
one 
34 
two 
two 
.10 
one 
one 
One 
2011 
Two 
.11 
one 
12 
two 
twenty-one 
36 
two 
two 
.13 
two 
two 
million 
two 
2011 
Two 
.14 
two 
two 
nine 
38 
two 
million 
two 
.15 
twenty 
twelve 
two 
16 
two 
two 
2011 
Two 
one 
one 
two 
one 
one 
40 
2011 
two 
.17 
two 
One 
two 
2011 
Two 
two 
hundred 
two 
two 
three 
two 
two 
one 
42 
two 
1 
15 
2 
156-157 
3 
93 
22 
5 
83 
6 
1830 
142 
7 
216 
217 
8 
200 
9 
154-158 
10 
239 
274 
11 
304 
12 
3 
437 
443 
14 
202-206 
15 
221 
226 
16 
166 
17 
1-18 
2011 
.1 
1 
96 
2 
214-15 
34 
1 
10.1215 
00161071-2010-025 
2011 
.4 
one 
.5 
3 
737-69 
2003 
113-14 
17 
1893 
2010 
4 
76 
95 
103-8 
116-17 
86 
105-9 
35 
2007 
224-25 
229 
100 
forty-six 
twenty-four 
5 
19 
689-712 
19 
527-57 
127 
one 
.6 
.7 
.8 
.9 
6 
Six 
20 
333-51 
7 
148-50 
8 
46-53 
363-64 
9 
1 
128 
.10 
7.7 
.11 
.12 
.13 
two 
1930s 
.15 
2001 
26 
11 
66-69 
12 
13 
81 
89 
14 
1930s 
51-52 
34-35 
83 
15 
28-30 
129 
16 
.17 
153 
75 
one 
16 
5 
17 
2002 
7 
187 
130 
.19 
20 
1898.21 
two 
.22 
18 
43-59 
1 
256-59 
3478 
19 
20 
12-14 
21 
1-27 
161-65 
2 
583 
22 
1890s 
2 
120 
131 
1890s 
three 
.23 
24 
.25 
.27 
23 
18-19 
74-108 
160 
24 
236 
7 
7 ^ 25 
125-32 
26 
27 
161-65 
132 
.28 
.29 
28 
74-94 
107-8 
140-44 
133-39 
29 
30 
2001 
176 
190-93 
303 
133 
.31 
one 
.32 
31 
32 
29 
149-51 
153-54 
204-6 
134 
11525 
2300 
five 
.34 
.35 
one 
.36 
33 
34 
35 
36 
135 
.38 
39 
four 
.40 
thirty 
.41 
150 
.42 
37 
38 
39 
40 
41 
42 
136 
.43 
twenty-two 
.44 
.45 
twenty-three 
.46 
3121 
43 
44 
45 
144 
181-86 
137 
.47 
three 
48 
49 
5 
138 
50 
.52 
53 
50 
51 
52 
53 
55 
54 
75-77 
Two 
58 
139 
one 
.55 
twenty 
twenty-five 
.56 
55 
84 
298-301 
56 
one 
140 
one 
.57 
two 
.58 
150 
.59 
.60 
.61 
115-16 
121 
167-69 
184-88 
58 
2007 
143-47 
149 
59 
139 
150 
60 
9 
93-95 
217-32 
257-58 
261-64 
278 
54-57 
61-68 
70-78 
61 
36 
18 
141 
three 
ten 
ten 
fifty-one 
.62 
.63 
fifteen 
ten 
62 
25-26 
11 
338-41 
thousand 
fifteen 
sixteen 
63 
142 
seventeen 
eighty-six 
twenty-one 
.64 
65 
.66 
.67 
64 
26 
65 
66 
138-39 
67 
143 
.68 
.69 
1890s 
68 
69 
6-7 
141 
212 
413 
144 
.70 
.71 
one 
.73 
71 
67-75 
186-90 
72 
223-33 
101 
5 
354-62 
140-41 
73 
145 
74 
.75 
.76 
one 
three 
two 
74 
75 
76 
146 
.77 
.78 
four 
one 
.79 
.80 
.81 
three 
nineteen 
77 
10 
78 
79 
1 
80 
81 
82 
14 
83 
147 
.84 
forty-five 
86 
84 
85 
00 
148 
87 
.88 
89 
.90 
.91 
89 
363-73 
23-24 
88 
50 
89 
24 
90 
91 
.92 
.93 
.94 
.95 
92 
93 
94 
one 
95 
150 
.96 
four 
.97 
98 
.100 
97 
98 
99 
100 
151 
three 
.101 
four 
four 
103 
one 
101 
16 
102 
152 
.104 
two 
105 
.106 
.107 
1930s 
104 
106 
107 
115-43 
153 
one 
108 
109 
108 
56 
109 
17 
47 
2 
427-449 © 
10.1177 
0022009411431720 
® 
1980s 
1980s 
1982-3 
1 
900 
65802 
428 
47 
2 
2 
3 
'89 
2003 
1980s 
.6 
1980s 
1980s 
.7 
4 
5 
6 
2001 
7 
430 
47 
2 
one 
1980s 
1980s 
1980s 
1982.9 
8 
2011 
9 
52 
2 
426-59 
.10 
1980s 
three 
.12 
1980s 
10 
17 
2001 
17-48 
11 
12 
432 
47 
2 
1980s 
one 
30 
2000 
.13 
One 
one 
'14 
'15 
13 
924/49 
14 
15 
434 
47 
2 
39 
2010 
.16 
.17 
IX 
'18 
ten 
.20 
16 
31.60 
120 
four 
17 
18 
685 
908/65 
19 
20 
21 
436 
47 
2 
150-200 
one 
30 
'22 
.23 
22 
23 
one 
40 
60 
one 
.24 
.25 
25 
438 
47 
2 
'26 
one 
one 
15 
5000-7000 
.27 
20000 
26 
78 
27 
29 
.729 
.30 
100 
31 
28 
29 
30 
31 
440 
47 
2 
one 
50 
.32 
.33 
30 
32 
936 
923/65 
33 
one 
four 
54 
34 
746 
908/125 
442 
47 
2 
one 
one 
one 
.35 
3.8 
one 
ten 
.37 
'38 
35 
2003 
36 
1143 
924/167 
37 
38 
^ 
one 
29 
24 
.39 
ten 
one 
326236 
ten 
45770.40 
One 
.42 
39 
1354 
536 
897/88 
40 
41 
One 
88 
982/145 
42 
444 
47 
2 
48 
one 
43 
2 
16 
17.45 
one 
one 
'46 
44 
1.5 
45 
III 
46 
446 
47 
2 
1980s 
.47 
.48 
.49 
one 
47 
48 
49 
one 
One 
'50 
1980s 
50 
448 
47 
2 
.51 
51 
01267 
45 
3 
2012 
623-641 
10.1 
1 20 © 
201 
624 
2012 
one 
4 
625 
.5 
.7 
One 
one 
.8 
One 
one 
two 
.9 
four 
one 
three 
three 
one 
.10 
1 
50 
10000 
12 
15 
.13 
.14 
90 
200000 
15 
one 
.17 
.18 
627 
19 
3000 
.20 
.21 
One 
22 
two 
3 
3 
2012 
24 
one 
.25 
one 
100 
One 
12 
18 
41 
two 
four 
one 
one 
two 
.26 
.27 
one 
four 
thousand 
394 
.29 
50 
.31 
.32 
630 
2012 
.33 
one 
.34 
.35 
one 
.36 
7 
631 
38 
.39 
.40 
one 
632 
2012 
28 
.42 
.43 
44 
two 
.45 
250 
.46 
633 
two 
.47 
one 
.48 
.49 
one 
three 
Two 
three 
.50 
.5 
634 
.52 
One 
.53 
one 
635 
.56 
one 
.57 
.58 
.59 
One 
.61 
.62 
636 
2012 
1 
14 
4 
378 
1 
5 
9 
5 
20 
179-205 
6 
17 
7 
21-25 
8 
91-100 
637 
53 
11 
342 
345-346 
12 
379-380 
2 
197 
13 
197 
14 
2 
5 
15 
41000 
200000 
92 
87 
36500 
16 
42 
71 
144-148 
17 
378 
378 
18 
three 
three 
6 
315 
19 
52 
16-18 
52 
12-13 
52 
14-15 
9.5-7 
52 
21-22 
638 
2012 
112 
21 
22 
52 
5 
4 
52 
9 
23 
24 
57 
30 
3-4 
107 
24 
24 
10 
1972 
59-92 
two 
40 
1 
1-121 
80 
502 
25 
59 
70 
64-65 
II 
203 
89 
26 
238-239 
242-243 
9 
290 
83 
65 
67 
71-72 
118-122 
27 
38 
12 
83 
8 
509-510 
28 
2 
2 
87 
27 
136 
140 
800 
1200 
275 
750 
1220 
970 
44-46 
81 
394 
218 
17 
21 
36-38 
29 
48-51 
55 
30 
8 
509 
195-196 
961 
639 
14 
378-379 
32 
2 
3 
33 
38 
1 
213-214 
38 
1 
206 
34 
35 
38 
9 
95 
38 
9 
74 
38 
1 
220 
5 
94 
36 
37 
38 
1 
212 
38 
9 
102 
38 
74 
76-77 
39 
IV 
40 
41 
152-153 
42 
185 
43 
140-144 
42-47 
44 
45 
395 
21 
235 
46 
12-13 
2 
474-475 
47 
153-157 
48 
67 
640 
2012 
43 
28 
67 
18 
12 
31-32 
50 
51 
2 
162 
167-168 
171-172 
175 
125 
238-241 
52 
292 
53 
127-129 
140 
153 
219 
243-245 
289-290 
294-296 
185-186 
54 
55 
56 
170 
57 
58 
5-6 
59 
78 
60 
170 
61 
641 
171 
175 
62 
one 
172-173 